Plate name: 0161456 W5.plt

Date: Tuesday, November 09, 2004

Column: 12  Row: 8

Spot counts:
      1    2    3    4    5    6    7    8    9   10   11   12
A     1    0    0    0    1    0    0    4    0    0    0    0 
B     0    1    0    0    0    0    0    6    1    2    0    0 
C     0    0    1    1    1    0   21  244    0    0    0    0 
D     0    0    0    0    1    1   22  265    1    0    0    0 
E    12    7   13    3    7   12   14  294    0    0    1    0 
F     9    4    5    9    4   13   20  294    0    0    0    1 
G     6    5    7    8    4    5   38  709    0    0    0    0 
H    14    6    6    4   17   11   49  731    0    0    0    0 



Overall surface of spots  Unit = square mm:
      1     2     3     4     5     6     7     8     9    10    11    12
A 0.000 0.000 0.000 0.000 0.000 0.000 0.000 0.000 0.000 0.000 0.000 0.000 
B 0.000 0.000 0.000 0.000 0.000 0.000 0.000 0.000 0.000 0.000 0.000 0.000 
C 0.000 0.000 0.000 0.000 0.000 0.000 0.000 0.000 0.000 0.000 0.000 0.000 
D 0.000 0.000 0.000 0.000 0.000 0.000 0.000 0.000 0.000 0.000 0.000 0.000 
E 0.000 0.000 0.000 0.000 0.000 0.000 0.000 0.000 0.000 0.000 0.000 0.000 
F 0.000 0.000 0.000 0.000 0.000 0.000 0.000 0.000 0.000 0.000 0.000 0.000 
G 0.000 0.000 0.000 0.000 0.000 0.000 0.000 0.000 0.000 0.000 0.000 0.000 
H 0.000 0.000 0.000 0.000 0.000 0.000 0.000 0.000 0.000 0.000 0.000 0.000 



Average surface of spots  Unit = square 0,01 mm:
      1     2     3     4     5     6     7     8     9    10    11    12
A     0     0     0     0     0     0     0     0     0     0     0     0 
B     0     0     0     0     0     0     0     0     0     0     0     0 
C     0     0     0     0     0     0     0     0     0     0     0     0 
D     0     0     0     0     0     0     0     0     0     0     0     0 
E     0     0     0     0     0     0     0     0     0     0     0     0 
F     0     0     0     0     0     0     0     0     0     0     0     0 
G     0     0     0     0     0     0     0     0     0     0     0     0 
H     0     0     0     0     0     0     0     0     0     0     0     0 



Average intensity of spots
      1     2     3     4     5     6     7     8     9    10    11    12
A    60     0     0     0    10     0     0    49     0     0     0     0 
B     0    26     0     0     0     0     0    27    18    17     0     0 
C     0     0    37    10    10     0    25    26     0     0     0     0 
D     0     0     0     0    21    63    33    23    32     0     0     0 
E    20    23    16    25    19    19    20    27     0     0    23     0 
F    18    11    16    17    16    14    21    28     0     0     0    19 
G    13    27    20    22    18    25    29    27     0     0     0     0 
H    18    18    12    11    16    18    26    26     0     0     0     0 



All Well Comments

