Plate name: 0161456 W4.plt

Date: Tuesday, November 09, 2004

Column: 12  Row: 8

Spot counts:
      1    2    3    4    5    6    7    8    9   10   11   12
A     0    0    0    0    0    0    0    8    0    0    0    0 
B     0    0    2    1    2    0    0    6    0    0    0    0 
C     0    1    1    0    0    4   19  189    0    0    0    1 
D     0    1    0    0    1    2   15  224    0    0    0    0 
E     8    3   18   11   25   11    7  369    0    0    0    0 
F    10    7    6   11    8   10   17  451    0    0    0    0 
G    17    8   15    8   11   18   26  709    0    0    1    0 
H    16    6    7   10   16    6   35  685    0    0    0    0 



Overall surface of spots  Unit = square mm:
      1     2     3     4     5     6     7     8     9    10    11    12
A 0.000 0.000 0.000 0.000 0.000 0.000 0.000 0.000 0.000 0.000 0.000 0.000 
B 0.000 0.000 0.000 0.000 0.000 0.000 0.000 0.000 0.000 0.000 0.000 0.000 
C 0.000 0.000 0.000 0.000 0.000 0.000 0.000 0.000 0.000 0.000 0.000 0.000 
D 0.000 0.000 0.000 0.000 0.000 0.000 0.000 0.000 0.000 0.000 0.000 0.000 
E 0.000 0.000 0.000 0.000 0.000 0.000 0.000 0.000 0.000 0.000 0.000 0.000 
F 0.000 0.000 0.000 0.000 0.000 0.000 0.000 0.000 0.000 0.000 0.000 0.000 
G 0.000 0.000 0.000 0.000 0.000 0.000 0.000 0.000 0.000 0.000 0.000 0.000 
H 0.000 0.000 0.000 0.000 0.000 0.000 0.000 0.000 0.000 0.000 0.000 0.000 



Average surface of spots  Unit = square 0,01 mm:
      1     2     3     4     5     6     7     8     9    10    11    12
A     0     0     0     0     0     0     0     0     0     0     0     0 
B     0     0     0     0     0     0     0     0     0     0     0     0 
C     0     0     0     0     0     0     0     0     0     0     0     0 
D     0     0     0     0     0     0     0     0     0     0     0     0 
E     0     0     0     0     0     0     0     0     0     0     0     0 
F     0     0     0     0     0     0     0     0     0     0     0     0 
G     0     0     0     0     0     0     0     0     0     0     0     0 
H     0     0     0     0     0     0     0     0     0     0     0     0 



Average intensity of spots
      1     2     3     4     5     6     7     8     9    10    11    12
A     0     0     0     0     0     0     0    27     0     0     0     0 
B     0     0    10    24    31     0     0    42     0     0     0     0 
C     0    14    10     0     0    13    34    22     0     0     0    46 
D     0    25     0     0    10    28    29    23     0     0     0     0 
E    20    14    17    18    18    17    27    27     0     0     0     0 
F    16    14    21    23    17    24    18    25     0     0     0     0 
G    28    19    21    22    26    14    28    21     0     0    14     0 
H    19    17    21    16    16    16    24    24     0     0     0     0 



All Well Comments

