Plate name: 0161456 W8

Date: Thursday, November 25, 2004

Column: 12  Row: 8

Spot counts:
      1    2    3    4    5    6    7    8    9   10   11   12
A     0    0    0    0    0    0    0    8    0    0    0    0 
B     0    0    0    1    1    0    0    3    0    0    0    0 
C     0    0    0    0    0    0   14  149    0    0    0    0 
D     0    2    0    0    0    0   19  195    0    0    0    0 
E    10    9    6   10   18    7   11  244    0    0    0    0 
F     8    5    8    6    7    8    8  276    0    0    0    0 
G    15   11   12   12    9    7   61  680    0    0    0    0 
H     6    4   11   20   26   12   46  576    0    0    0    0 



Overall surface of spots  Unit = square mm:
      1     2     3     4     5     6     7     8     9    10    11    12
A 0.000 0.000 0.000 0.000 0.000 0.000 0.000 0.000 0.000 0.000 0.000 0.000 
B 0.000 0.000 0.000 0.000 0.000 0.000 0.000 0.000 0.000 0.000 0.000 0.000 
C 0.000 0.000 0.000 0.000 0.000 0.000 0.000 0.000 0.000 0.000 0.000 0.000 
D 0.000 0.000 0.000 0.000 0.000 0.000 0.000 0.000 0.000 0.000 0.000 0.000 
E 0.000 0.000 0.000 0.000 0.000 0.000 0.000 0.000 0.000 0.000 0.000 0.000 
F 0.000 0.000 0.000 0.000 0.000 0.000 0.000 0.000 0.000 0.000 0.000 0.000 
G 0.000 0.000 0.000 0.000 0.000 0.000 0.000 0.000 0.000 0.000 0.000 0.000 
H 0.000 0.000 0.000 0.000 0.000 0.000 0.000 0.000 0.000 0.000 0.000 0.000 



Average surface of spots  Unit = square 0,01 mm:
      1     2     3     4     5     6     7     8     9    10    11    12
A     0     0     0     0     0     0     0     0     0     0     0     0 
B     0     0     0     0     0     0     0     0     0     0     0     0 
C     0     0     0     0     0     0     0     0     0     0     0     0 
D     0     0     0     0     0     0     0     0     0     0     0     0 
E     0     0     0     0     0     0     0     0     0     0     0     0 
F     0     0     0     0     0     0     0     0     0     0     0     0 
G     0     0     0     0     0     0     0     0     0     0     0     0 
H     0     0     0     0     0     0     0     0     0     0     0     0 



Average intensity of spots
      1     2     3     4     5     6     7     8     9    10    11    12
A     0     0     0     0     0     0     0    27     0     0     0     0 
B     0     0     0    17    21     0     0    13     0     0     0     0 
C     0     0     0     0     0     0    22    24     0     0     0     0 
D     0    12     0     0     0     0    26    23     0     0     0     0 
E    17    14    19    17    14    15    21    25     0     0     0     0 
F    20    17    21    14    14    22    16    26     0     0     0     0 
G    16    14    14    23    21    21    27    27     0     0     0     0 
H    16    17    22    16    18    17    23    26     0     0     0     0 



All Well Comments

