Plate name: GC_PPL0014_2040

"Date: Tuesday, August 08, 2006"

Column: 12  Row: 8

Comment:
Galvin Cohort PPL0014

Patient: 2040(LHS)

2x10^5cells/well

Trial Read: NG09Aug06

Admin Read: NG09Aug06

Individual Plate:

Spot counts:
      1    2    3    4    5    6    7    8    9   10   11   12
A     0    0    0    0    0    0    0    0    0    0    0    0
B     1    1    TNTC    0    TNTC    0    0    TNTC    0    0    0    0
C     0    0    0    1    0    0    0    0    0    0    0    0
D     0    0    0    0    0    0    0    0    0    0    0    1
E     0    0    0    0    0  242    0    0    0    0    0    0
F     0    1    0    1    0  199    0    0    0    0    0    0
G     2    0    0    0    0  402    0    0    0    0    0    0
H     0    1    0    0    0  283    0    0    0    0    0    0



Overall surface of spots  Unit = square mm:
      1     2     3     4     5     6     7     8     9    10    11    12
A 0.000 0.000 0.000 0.000 0.000 0.000 0.000 0.000 0.000 0.000 0.000 0.000
B 0.000 0.000 0.000 0.000 0.000 0.000 0.000 0.000 0.000 0.000 0.000 0.000
C 0.000 0.000 0.000 0.000 0.000 0.000 0.000 0.000 0.000 0.000 0.000 0.000
D 0.000 0.000 0.000 0.000 0.000 0.000 0.000 0.000 0.000 0.000 0.000 0.000
E 0.000 0.000 0.000 0.000 0.000 0.000 0.000 0.000 0.000 0.000 0.000 0.000
F 0.000 0.000 0.000 0.000 0.000 0.000 0.000 0.000 0.000 0.000 0.000 0.000
G 0.000 0.000 0.000 0.000 0.000 0.000 0.000 0.000 0.000 0.000 0.000 0.000
H 0.000 0.000 0.000 0.000 0.000 0.000 0.000 0.000 0.000 0.000 0.000 0.000



"Average surface of spots  Unit = square 0,01 mm:"
      1     2     3     4     5     6     7     8     9    10    11    12
A     0     0     0     0     0     0     0     0     0     0     0     0
B     0     0     0     0     0     0     0     0     0     0     0     0
C     0     0     0     0     0     0     0     0     0     0     0     0
D     0     0     0     0     0     0     0     0     0     0     0     0
E     0     0     0     0     0     0     0     0     0     0     0     0
F     0     0     0     0     0     0     0     0     0     0     0     0
G     0     0     0     0     0     0     0     0     0     0     0     0
H     0     0     0     0     0     0     0     0     0     0     0     0



Average intensity of spots
      1     2     3     4     5     6     7     8     9    10    11    12
A     0     0     0     0     0     0     0     0     0     0     0     0
B    26    18     0     0     0     0     0     0     0     0     0     0
C     0     0     0    19     0     0     0     0     0     0     0     0
D     0     0     0     0     0     0     0     0     0     0     0     5
E     0     0     0     0     0    16     0     0     0     0     0     0
F     0     9     0    10     0    14     0     0     0     0     0     0
G    13     0     0     0     0    19     0     0     0     0     0     0
H     0     8     0     0     0    16     0     0     0     0     0     0



All Well Comments