Please Enter Title Here!

 Comment
  ELI02355 BN 51807

 Quantity
	     1	     2	     3	     4	     5	     6	     7	     8	     9	    10	    11	    12	       S
A	     0	     5	     2	     2	     1	     0	   689	   641	   726	   746	   621	   727	  4160
B	   765	   725	   766	   714	   864	   676	   934	   902	   985	   901	     0	     0	  8232
C	     0	     2	     2	     2	     1	     3	   498	   496	   456	   479	   440	   373	  2752
D	   330	   316	   307	   354	   400	   381	  1023	  1021	  1028	  1063	     0	     0	  6223
E	    13	    23	    19	    10	    24	    18	   373	   380	   370	   381	   432	   430	  2473
F	   523	   591	   603	   621	   589	   594	   875	   870	   869	   893	     0	     0	  7028
G	     1	    14	     6	     1	     2	     1	   203	   249	   223	   224	   227	   197	  1348
H	   566	   582	   257	   639	   573	   114	   736	   923	   449	   557	     3	     0	  5399
S	    2198	    2258	    1962	    2343	    2454	    1787	    5331	    5482	    5106	    5244	    1723	    1727	

 Parameters
Date: 	Friday, May 18, 2007
Time: 	4:09:18 PM
Diameter: 	[25 ... 500] 
Contrast: 	[5.3 ... 100.0] 
Hue: 	[99.6 ... 7.0] 
Saturation: 	[13.3 ... 67.2] 
Shape: 	[38.1 ... 100.0] 
Slope: 	[0.0 ... 98.8] 
